0
0
0
0
0
0
5561
0
0
0
0
0
5567
5568
5569
5570
5571
0
0
5574
0
0
0
5578
5579
5580
5581
0
5583
5584
5585
5586
5587
0
5589
5590
5591
5592
5593
5594
5595
5596
5597
0
0
0
5601
5602
5603
5604
5605
5606
5607
5608
5609
5610
5611
5612
5613
5614
5615
5616
5617
5618
0
5620
0
5622
0
5624
5625
5626
5627
5628
5629
5630
5631
5632
5633
5634
5635
5636
5637
5638
5639
5640
5641
5642
0
5644
5645
5646
5647
5648
0
5650
5651
5652
5653
5654
5655
5656
5657
5658
5659
5660
5661
5662
0
5664
5665
5666
5667
5668
5669
5670
5671
5672
5673
5674
5675
5676
5677
0
0
5680
5681
5682
0
5684
5685
5686
5687
5688
0
5690
5691
0
0
5694
5695
5696
5697
5698
5699
0
0
5702
0
5704
5705
5706
5707
5708
5709
5710
5711
5712
5713
5714
5715
5716
5717
5718
5719
5720
5721
5722
0
5724
5725
5726
5727
5728
5729
5730
0
5732
5733
5734
5735
5736
5737
5738
5739
5740
5741
5742
5743
0
5745
5746
5747
5748
5749
0
5751
5752
5753
5754
